$ANSIBLE_VAULT;1.1;AES256
35313138323038663837336565383233643832396137303236366438653266383265626262333936
3834326239656332323532653931366562643765363230620a663038613562383162353231313333
63303737333562623630626337643161656138373964623232323031633730323630616639323039
6461346661386165320a376538303866373531323961306632333833656263323633613266323263
39306665396639643465313131373830366264626333613035353535386133306538656464653838
37336166643931396533326539643538373766633632376362366464336364646232353835346637
35343333313661303263333539346662373831613762636161346161333366393035656539383639
37386165643035323031346364353130656463366533313939623736336265636138653032643263
32346130363437353661336264663764396463343764663436306265356562306134383362326333
38316633643465663137636635363034353766633663316162363862393337313733396666356562
65326336343731323239633965366131633463383939376663376336323639363866376537396639
31643162306531616465303862616264333230613636636339373331346462666561333939393064
31383737653139333131303437393335616636306663333039353933306461363539616138323837
34643838336130643464346536383266366139666432316463313530393637353265666361346161
35316630623764633638333232643538303665316534313831313833393634386231316563393165
30373736313964656633636637333731633135336236626463386166356239373231663933313730
34363164366135333164623964643531313038633334663636616665636232373061333437616233
35633163663063343761643939326661343532333834356330373865623435643333313939343835
38623632616332623332616262393261373231643234353766656637333233323366656636346462
39353265653132356461653432323132666333333630623866356233636363316630316139346530
64653361373838363462343137323239653862353336643638323064316331303431393762323065
31333136656439663638366162633233353539303766323531336631613130336331616664663535
33646439303932613838303933306330393565623935613064303331323466623365646365303361
38303231653863366138323063663665353465643630633431363865656634626237373035316465
61353261376636636434343931633864343130313734353137366264623632306661
